3 4 6521 11444 3312 6282 
2 5 6282 349 3340 9388 321 
2 5 6282 6334 9334 9361 11372 
1 4 6332 6402 3380 362 
1 3 6332 11245 6375 
3 4 6521 9428 6441 514 
2 5 6521 375 11219 11276 321 
1 4 3522 9375 526 6377 
1 4 6377 6263 6325 9347 
2 3 9347 6257 6389 
3 7 6521 11505 9496 3572 6595 552 9570 
2 3 6282 3207 9496 
1 7 9347 3368 3231 11366 332 13263 399 
1 3 6377 3271 3326 
2 4 9347 6325 6349 3326 
1 2 3326 241 
1 2 3326 374 
1 7 6469 6622 11346 9281 11264 11360 241 
1 2 6469 587 
3 2 6469 495 
1 3 495 6535 11388 
1 4 11388 247 309 3326 
1 6 495 6535 9509 405 3395 6377 
1 4 6469 6570 529 11494 
2 4 11494 3423 9575 11531 
3 3 11494 6444 6488 
2 4 11531 11547 11560 6488 
3 4 9517 6568 589 6488 
2 5 11531 563 3558 3530 9517 
3 2 9517 11499 
2 2 11499 708 
1 3 708 3705 692 
1 3 692 11653 9515 
2 5 9517 3530 6542 6712 3692 
1 4 3692 3679 6934 9655 
1 4 9655 11638 6693 692 
1 3 11499 3690 9655 
3 5 495 3398 9547 3524 6488 
2 4 9515 3299 571 11544 
1 3 692 9652 707 
1 4 707 3688 6725 9515 
2 4 11499 9545 11529 11544 
2 6 11544 9572 11417 11445 3397 6488 
1 5 6488 3524 6549 9524 3561 
3 4 3561 425 6487 3522 
1 3 3561 6513 564 
1 4 564 11431 9443 495 
1 4 6377 11493 3355 564 
1 4 6488 3524 11533 564 
1 4 3561 425 6582 3535 
1 3 3535 11481 514 
1 4 3535 6582 6487 3522 
2 8 11544 9416 3474 482 6524 538 6501 3535 
1 4 11372 11343 9263 362 
1 14 6521 11505 9496 537 6236 9387 9252 11260 11288 334 389 3380 6402 6332 
1 6 6332 395 3384 11312 3272 6296 
1 3 3320 327 6296 
3 16 3151 149 11068 9164 6095 6035 6086 9111 187 2999 11315 3215 11250 3358 11282 6380 
2 4 758 11710 9689 6734 
2 5 11805 3861 799 6924 9817 
1 7 6880 9765 3866 980 970 11768 11805 
2 3 6734 9686 11677 
1 4 11677 11692 6955 758 
1 3 9764 854 9824 
2 7 6906 9896 6817 3873 6966 6812 9764 
1 4 6906 6959 9889 4098 
1 2 4098 10024 
1 5 10024 10109 4065 11956 1176 
1 3 1176 11956 12038 
2 4 1176 7068 7198 4182 
1 3 4182 10009 9979 
2 3 4182 13231 7183 
1 2 7183 1048 
1 3 4182 13231 10094 
1 4 4182 7198 6744 875 
1 3 7183 1178 875 
2 6 9764 6812 6966 13223 3954 3816 
2 7 3938 9767 6993 9785 11766 813 3816 
1 7 3816 6878 6903 3902 11852 13233 740 
1 4 885 11852 13233 740 
1 5 3938 3794 9800 9846 11825 
1 4 11825 6936 903 885 
1 6 11825 4024 3920 726 3729 11707 
1 7 11677 11840 3725 3727 3918 918 11825 
1 5 11707 6749 9703 11688 740 
2 7 7183 4080 11749 6954 931 9925 13230 
1 6 13230 9839 9917 11820 896 3938 
1 8 1176 4095 12083 9828 9778 13229 13224 3938 
2 4 11825 9846 13232 6867 
1 5 6867 13221 11756 9839 13230 
1 5 6867 874 845 889 9817 
1 6 13230 9877 3926 844 924 11805 
2 4 10024 1093 9903 832 
1 4 4098 1093 11884 832 
1 5 832 942 9757 6914 3938 
2 4 875 3871 3810 6948 
1 5 6948 985 11780 6866 13230 
1 6 6948 6832 6800 13229 13224 3938 
1 5 3945 6879 9852 6914 3938 
1 6 6906 3799 871 7213 11737 3816 
2 7 6287 6393 3260 3325 3277 13263 399 
1 3 6364 6235 394 
1 4 241 11360 11318 9335 
1 2 9335 6336 
2 4 6469 3512 9363 6241 
3 2 6241 391 
1 3 391 68 3314 
1 3 6241 6286 6336 
3 2 391 9498 
1 2 9498 3262 
1 2 3262 6598 
2 4 587 9522 11562 11519 
2 4 6583 11435 11470 11494 
2 3 587 3547 11494 
1 2 9559 6583 
1 3 11483 3536 11548 
1 2 11563 9434 
2 4 3671 9492 6533 512 
2 5 3552 6572 9525 11508 9495 
2 5 3671 9492 9478 503 11465 
2 3 11465 9510 6536 
2 4 6657 655 3659 3671 
2 5 620 3626 651 669 3671 
2 7 9737 11565 595 11582 629 11596 3671 
1 5 9737 11565 595 3598 620 
2 3 740 6756 743 
1 4 743 9710 6777 9737 
2 5 743 11697 11699 3749 6766 
2 6 6766 11702 6775 9734 9751 620 
2 4 9824 9853 3946 6960 
1 4 6766 943 9723 6960 
2 2 11834 911 
2 3 911 3928 9909 
2 4 6788 3772 11891 9909 
2 7 11834 958 11713 762 780 3589 6613 
1 3 3594 11593 6613 
2 6 3594 9607 11576 6648 3621 620 
2 7 6960 760 11709 3754 769 9748 3594 
2 6 3594 9609 667 9644 6518 512 
2 4 6613 11794 648 3652 
2 2 3652 9642 
2 3 9642 6698 698 
2 3 678 6529 9503 
2 5 9503 1346 3629 11502 9559 
2 5 11420 454 3402 11549 13011 
2 3 11531 11502 9559 
2 3 11516 1346 9503 
2 6 6613 3589 6784 6609 9745 6780 
2 5 6788 771 9741 11730 6780 
2 11 6780 11730 9741 776 3780 9584 9600 658 661 11623 663 
1 4 6788 3773 6790 3780 
2 7 678 6683 9620 9618 636 6635 776 
2 5 9620 9638 663 11604 636 
1 3 663 11640 3692 
1 7 663 11623 6680 6678 9633 11618 673 
1 4 9515 9681 3703 9665 
1 5 11666 6690 9679 6687 3673 
1 6 3673 3674 6673 3657 6656 11584 
1 4 673 11634 3675 688 
2 3 603 3604 11584 
2 4 603 3776 773 3780 
2 4 603 3776 11734 6606 
1 4 6606 6793 9582 11584 
1 4 3780 6790 9752 6606 
2 2 6606 782 
1 4 782 9924 967 925 
2 2 6788 6973 
1 4 11751 6862 6875 11833 
1 3 11833 6946 6973 
1 4 9907 1616 6985 6606 
1 5 9907 9879 9750 6862 11751 
1 3 6831 9838 925 
2 4 11837 9784 6843 883 
1 4 883 6939 3966 6831 
2 3 819 11803 883 
1 4 11846 923 9826 819 
2 8 9990 12066 3901 10027 3968 851 955 819 
1 2 11998 11837 
1 6 9990 12066 12098 10027 9856 11837 
1 2 4014 4159 
2 4 4159 1156 3857 10074 
1 5 11773 11874 11824 9772 6891 
2 6 383 3307 6412 9362 6345 9279 
2 13 6050 161 11082 11380 9393 6397 13265 9406 9329 9251 9410 9300 11376 
2 12 383 6331 3286 3375 3063 6188 9209 9109 11188 11082 161 6050 
1 6 9279 11376 6120 11160 11327 11215 
2 4 6296 6360 6229 9483 
2 4 9483 6342 6222 9340 
1 3 9483 3354 9262 
2 5 3320 9295 11342 11358 310 
1 4 310 7482 10323 9340 
1 3 3583 9457 11467 
1 4 11539 9551 9567 3583 
1 4 11539 581 3550 3581 
2 6 9648 9646 596 3654 6650 9627 
2 5 11581 3654 596 9646 9648 
1 5 11581 624 9595 6647 619 
1 4 9606 11787 3617 619 
2 3 3601 3592 11581 
2 4 3882 11832 9906 9602 
1 3 6711 3709 3696 
1 3 746 713 3696 
1 5 3581 6586 11691 3548 746 
1 2 6314 3288 
1 3 9483 3354 6314 
1 4 6332 11265 348 3288 
2 7 9340 9240 9317 11291 3074 496 3152 
2 5 3152 11426 11127 11443 4640 
1 7 4640 126 3120 181 11080 6174 3151 
1 4 11105 6108 9194 3083 
1 4 3151 3060 9100 9206 
1 5 9206 6082 11056 9183 9073 
1 6 9073 67 9167 6144 9129 11105 
1 4 11370 277 6340 3320 
1 8 6558 388 11232 279 3324 389 3380 362 
1 2 11467 6464 
1 3 6464 9567 3583 
2 6 11479 9558 422 11441 6546 3392 
1 3 3379 3242 385 
2 3 3392 11247 11301 
2 6 11301 11357 11386 266 395 6332 
1 4 11301 347 13206 3393 
1 3 3320 9274 3393 
1 4 11370 11216 9236 9304 
2 5 11301 347 318 3309 9304 
1 4 11399 6580 536 11479 
1 7 310 6459 3219 6326 6249 9323 11241 
2 4 11241 323 6293 11234 
1 8 11202 11097 3053 6139 181 11080 6174 3151 
1 10 11234 9331 320 9234 11109 117 6197 79 6174 3151 
1 6 11349 11326 366 3358 11282 6380 
1 5 11349 6264 3235 9287 11234 
2 4 11370 294 11322 3331 
1 4 3331 11220 11290 306 
1 3 11241 9241 3331 
1 2 3331 9289 
1 8 383 295 11070 69 147 3007 11184 6115 
1 7 9096 6151 9036 3094 9204 9103 6115 
1 9 6115 11078 9157 27 11037 3059 9170 6145 122 
1 4 11028 9157 11078 6115 
1 5 11028 9227 11206 9139 3022 
1 3 192 6055 101 
1 7 101 3095 11155 9226 9186 3104 9108 
1 11 9108 6083 6161 9220 11067 118 11185 6063 130 205 3108 
1 10 6050 9149 3182 11091 9117 49 9051 125 9035 3108 
1 4 9197 11068 149 3151 
1 7 9197 70 11059 11153 6057 90 11159 
1 10 11159 9118 3033 11092 155 11175 6021 94 9195 3189 
1 9 3189 86 3008 9162 3121 6181 9201 11117 3134 
1 8 11105 9129 11172 3025 6138 9038 6013 3122 
1 6 9073 9183 165 11043 141 11141 
1 10 11202 415 592 9485 6408 308 11291 9317 9240 9340 
2 10 306 3362 6387 9272 11254 335 401 3327 3391 6380 
2 4 11370 216 386 3350 
2 2 6373 3350 
1 3 6373 6344 9288 
2 3 9289 3378 6373 
2 7 6373 6319 9249 3507 9568 441 6593 
2 9 6593 3470 11543 6435 572 513 422 6580 11399 
2 7 11479 491 11427 438 462 6429 476 
2 4 476 11464 11514 6593 
1 5 11479 6483 11411 11550 9548 
2 6 476 9423 9576 754 741 11670 
2 5 476 9481 11490 504 525 
2 6 11437 453 472 3449 3466 6474 
2 4 6474 6493 9430 9417 
2 6 9417 585 3587 3765 3752 3734 
1 4 3734 9696 3760 719 
1 3 3672 3682 3668 
2 6 7661 7495 4458 7624 4463 3668 
2 6 3653 772 654 9626 1530 1599 
1 9 1599 11708 1539 11674 11645 4477 4614 1536 7661 
2 13 3672 9647 685 11633 714 9691 9694 735 9709 6781 3587 585 9417 
2 2 413 3527 
2 10 9417 11434 11450 11459 3519 3540 6591 11412 11475 3527 
2 6 6474 3479 502 6530 3531 418 
2 7 3527 9552 9489 11439 3409 9556 418 
1 5 418 9449 3492 558 3580 
1 4 11504 3557 11397 418 
2 7 525 11557 9543 11530 9519 559 11504 
2 4 525 11557 6458 11489 
2 5 9288 546 9506 3480 11489 
2 7 11489 6508 9566 3225 288 3306 3335 
2 9 3335 6252 11284 11235 11300 3263 6348 6414 6380 
2 4 3580 9260 9328 9355 
2 5 9355 9411 11242 3292 6262 
2 6 6262 6396 6290 9348 6414 6380 
2 3 413 6341 6398 
2 4 6398 6230 6279 3356 
2 7 3356 9330 11268 9282 9348 6414 6380 
2 6 3578 3426 9460 433 11408 9422 
2 7 6398 6369 9339 9312 11436 471 9422 
2 6 121 252 6356 9278 9378 6380 
2 7 121 9122 11099 2 9168 2996 9131 
2 4 9197 70 11174 3140 
2 9 3140 172 9107 3163 11083 81 9207 11189 9131 
2 12 6380 301 11362 6316 378 280 3370 3268 6392 6295 6299 11375 
2 3 11344 3303 11375 
2 11 6380 301 3290 9235 11217 214 3339 6362 6410 9407 11344 
2 7 9422 313 3304 6353 6382 9409 9258 
2 6 9258 9286 6391 11262 11394 11344 
2 9 11344 11277 3352 6374 6253 9373 11356 11243 6338 
2 11 9258 9286 11269 3317 286 3276 6302 6226 6275 9243 11225 
2 8 11225 11348 393 3357 3330 6515 9420 12128 
2 8 11225 11377 11256 3265 4324 4283 1305 1278 
2 6 1278 12117 10142 10329 12157 9292 
2 5 9292 1233 12287 10133 1821 
2 7 12128 3563 4322 1254 4294 7370 10253 
2 7 7243 4300 4374 4227 1314 12294 10253 
2 7 6338 260 9336 3251 3300 6388 6278 
2 11 6278 7403 206 1380 10286 10314 361 3280 7320 10133 1821 
2 7 7375 11228 237 3280 7320 10133 1821 
2 10 7375 11352 7346 12203 9293 370 3027 3139 272 6124 
2 13 9131 2996 11143 143 3135 9200 11075 73 3066 3103 6089 9214 6124 
1 5 7477 7563 4599 12491 12333 
2 3 9878 3983 3951 
1 6 9878 3876 11860 940 9755 6807 
1 6 6807 9763 9830 961 6956 11746 
2 5 1821 9553 1543 10189 4824 
2 3 9292 1327 1292 
1 3 3325 3277 6364 
2 8 1292 1775 1294 12521 4780 7800 1709 10696 
2 8 4824 7846 7774 3472 10600 12652 4700 10696 
2 6 10696 12679 1733 1860 7825 7274 
2 9 1459 10148 10366 12397 7597 12329 7657 7600 7243 
2 5 1459 11687 7682 7501 1554 
1 6 12333 8099 10414 1649 10470 1554 
2 8 7274 4866 7757 12631 7886 10712 10639 12691 
1 8 12691 12621 1876 1813 10549 10661 12540 4797 
2 10 4797 1762 4837 10528 4766 12507 7860 10683 7786 4677 
2 9 957 6989 11750 6684 664 6686 11643 10466 12189 
2 6 7642 4434 4621 1425 4406 7381 
1 5 7642 10135 12293 4390 4608 
2 9 7408 10250 10221 12173 10411 7572 7353 7492 1488 
1 4 1330 12127 4336 1403 
2 4 1330 10154 10283 10344 
2 7 1330 12127 1417 12256 4626 4585 1492 
1 5 1492 7469 12464 1082 4425 
3 2 1182 9998 
2 3 9998 7157 7087 
2 3 7087 12097 10125 
2 2 7072 11960 
2 5 10125 7187 4172 4142 11960 
2 3 7072 12031 7212 
2 3 7212 11946 1092 
2 3 1092 10052 11985 
2 2 11960 1136 
1 2 7072 1136 
2 8 1136 9985 10055 1167 7145 1191 7050 11985 
2 2 1025 7110 
1 2 7110 9950 
2 6 4102 1183 12006 11925 4164 7110 
1 2 11985 1025 
2 5 11960 4142 4172 7102 10032 
2 7 1182 4188 4100 7016 4118 1024 7169 
2 4 7169 12056 3848 6994 
2 6 1117 11930 4067 1063 9865 6994 
2 2 12007 1117 
1 3 12007 10128 10032 
2 5 10125 7187 10015 11989 12007 
2 5 1182 1097 11908 11989 12007 
2 3 3962 7532 10444 
1 3 10444 10512 12421 
1 3 6994 9859 3962 
1 6 10068 9969 11996 11980 7189 1069 
1 5 1069 12045 4071 7089 10000 
2 4 1519 4538 12062 4190 
2 4 1069 4037 10043 7025 
1 9 11913 1146 10008 7094 11916 10040 9995 7085 7025 
1 3 7014 12052 10076 
1 4 10076 7120 996 11913 
1 4 7014 12076 4042 7191 
1 5 9974 7058 1096 11991 7191 
2 7 4190 1188 1169 4144 1139 9958 10364 
2 7 10364 12012 7568 7580 9934 7167 4619 
1 4 4619 4631 9999 7097 
1 3 3992 7653 1628 
1 3 10062 7108 1047 
1 6 10364 4066 7656 10098 4010 7025 
1 4 1047 12095 1120 9970 
1 3 9991 12010 11968 
1 5 11968 9993 12423 1497 12366 
1 7 4245 10077 4644 7662 7565 10389 12338 
1 8 4245 10077 1609 4616 10443 10389 10349 7455 
2 7 4245 10077 4644 7593 7537 4544 4516 
1 6 4245 4062 7220 1444 12035 12307 
1 5 4245 4062 4104 1101 10060 
1 5 10060 10116 12462 11978 10001 
1 5 10001 10255 4237 1228 7340 
1 5 7340 4280 12114 4472 8087 
1 6 10278 12180 10152 1430 4321 7340 
1 4 10278 7436 1268 10246 
1 3 10246 4416 7265 
1 4 10278 1344 12734 8011 
1 5 10246 4416 1409 7288 1321 
1 8 10278 1344 12734 10808 8067 7363 10274 7447 
1 4 7447 7391 10190 7244 
1 4 8011 8100 10208 4278 
1 4 8011 8100 4414 10756 
1 4 10756 10259 5104 8087 
1 6 10278 1344 7310 12779 10296 10756 
1 4 10756 10259 5104 1359 
1 3 8087 10324 1359 
1 5 1359 12142 4353 10270 1349 
1 8 4278 12105 7250 12295 10210 12182 12269 1349 
1 6 1349 7013 4187 7150 11952 9975 
1 5 4516 1569 2005 7938 5040 
1 3 5040 5055 12137 
1 4 5040 4045 2036 12137 
1 3 4516 10751 9973 
1 4 9973 4299 1377 12137 
3 4 12137 5086 10794 2086 
2 6 2086 2032 10729 12822 12005 10887 
1 7 2086 12868 2002 10772 10066 9084 10887 
1 3 10887 9084 8007 
1 3 3456 10108 4110 
1 3 4110 7084 10735 
1 3 10735 8098 5105 
1 4 10735 1971 10898 8007 
1 4 10887 4979 8022 12763 
1 4 9975 1144 7207 4132 
1 9 4245 4062 7220 1059 1538 10428 9946 7574 10401 
1 5 10401 12420 4557 4883 10030 
1 6 1349 7013 4072 7060 7430 10030 
1 6 10030 4950 11995 4953 5096 5040 
1 3 7260 7344 10201 
1 4 5105 8013 12761 5075 
1 7 5005 7953 1922 2065 1982 10922 10837 
1 4 7602 10385 10768 10837 
1 4 11976 4591 4574 7151 
1 3 1065 7170 7151 
2 4 4345 4417 10320 7433 
2 10 7433 1284 12291 4362 7379 4432 1424 7304 7644 7361 
2 8 4345 4417 10320 10174 12221 1282 4342 4285 
3 3 4345 4270 3778 
2 8 3775 6797 9580 11567 3605 6625 4270 4345 
2 13 9450 6713 11641 11685 9684 6769 11669 9724 9711 722 11695 3763 3775 
3 6 3778 3635 3661 9634 6676 6510 
2 13 6510 9467 12278 12582 602 777 10718 4775 7899 1769 4875 4426 4872 
2 12 6510 9480 1299 4869 1782 10718 7794 13094 11571 4875 4426 4872 
2 3 12603 10611 4739 
2 5 4739 9669 6726 515 3010 
2 7 4872 12688 3721 12593 12663 3481 4739 
2 5 12603 1788 3721 12688 4872 
2 5 12603 10611 11440 10684 7787 
1 7 7787 4765 4877 4343 7853 1858 1408 
1 8 3010 6754 1347 7761 1737 7853 1858 1408 
2 4 1408 4428 10157 7315 
3 3 7315 12214 10327 
2 4 7315 7386 10271 12211 
2 2 12603 4759 
2 4 4759 10709 1752 3719 
4 4 3719 10618 6752 1866 
2 2 9450 12357 
2 8 12357 9657 926 1760 10526 3699 1719 1866 
2 6 1866 4807 4664 10341 12456 12357 
2 9 9450 12368 6737 11589 1560 10341 4664 4807 1866 
1 7 9450 6713 11641 695 691 11656 6710 
2 7 6710 9724 9711 722 11695 749 11654 
2 5 9450 6713 9654 11637 689 
2 4 689 3685 9825 6890 
2 5 6890 882 3687 6707 11654 
2 4 6732 3906 11830 9832 
2 8 3878 6911 3806 11665 10381 11662 7345 4345 
2 4 9832 6909 9847 3878 
2 2 3878 6882 
2 3 6882 3863 6845 
2 8 6845 6869 11785 9804 847 3850 880 11800 
2 4 6855 827 9808 11800 
2 11 9450 6713 9653 870 11791 3872 659 3853 6874 9808 11800 
2 6 1595 9796 831 11776 11760 6855 
2 2 1595 4527 
2 6 12211 3513 12183 7865 12553 9616 
2 6 1866 9880 7536 12577 12646 12586 
2 9 9450 12312 11589 10478 7306 12418 11788 10666 12586 
2 6 12586 7852 3855 3613 4760 4723 
2 9 9450 12368 6737 10393 7539 1586 1678 9892 12586 
1 6 1595 4531 4437 10461 9682 9450 
2 10 11654 734 3733 3702 9708 1436 9693 3806 6911 3878 
2 4 6696 1881 10448 1595 
2 4 6696 12709 12568 9727 
2 3 4527 1445 9727 
2 4 1572 12381 1480 11975 
2 3 1572 1584 7388 
2 6 1572 12353 1433 12470 10492 12384 
2 3 12735 7422 492 
1 4 12384 7583 860 492 
2 3 492 10520 7480 
2 3 7552 7524 4464 
2 3 7552 1453 10449 
2 4 7552 1453 1643 1528 
2 3 6785 12369 5015 
2 6 12782 2019 12728 5038 10894 10740 
2 2 3834 853 
2 5 3834 7920 5044 12791 10740 
1 3 12753 10842 10886 
2 6 5001 7485 12458 12489 4444 1646 
2 3 7202 1547 11975 
1 4 10412 3925 11738 788 
2 5 7202 10029 7012 4491 7138 
2 7 12384 638 10394 1485 4653 4491 7138 
1 9 7202 7012 7134 11927 7083 7045 11783 6943 788 
1 4 1132 4168 6943 788 
1 4 7138 7083 12054 1132 
1 5 10412 9931 12445 10081 7138 
1 3 4464 7668 7480 
1 5 7646 7466 4627 12637 9727 
1 3 9727 1582 913 
2 3 8252 5051 12798 
1 3 913 7791 10909 
2 3 12384 5090 10909 
1 4 12735 12803 968 10909 
2 4 12735 10192 10824 12501 
2 4 12501 1987 10615 7797 
1 2 1646 7797 
2 5 12735 1587 10753 7464 7797 
2 4 10449 10410 4510 1646 
2 4 6696 6974 12670 12501 
2 6 1595 12437 1604 7626 12305 4569 
2 7 4569 12305 10457 12497 7611 9682 9450 
1 4 4569 1621 12361 10717 
1 3 10717 1564 1534 
1 5 4569 12346 12463 10370 1534 
2 5 4569 4449 4540 4625 7797 
2 11 6464 506 584 11428 493 11515 243 279 3324 389 362 
2 4 9508 548 3230 3295 
1 4 3295 3324 389 362 
2 10 9450 12368 6737 10339 1527 4590 7449 7607 12361 10717 
1 7 1866 9880 1867 12667 12620 3750 1747 
2 8 4723 10640 10711 1815 12651 1851 12585 4860 
1 3 4860 10593 10624 
2 4 12211 3513 4328 4274 
2 5 3588 6665 3471 10151 4274 
2 4 4274 4347 4331 3588 
3 3 3588 9697 9713 
3 5 9713 6699 6694 6876 4518 
2 4 4518 9911 941 10387 
1 3 1562 12374 7986 
2 3 7986 8115 853 
1 4 10387 12303 4727 7986 
2 7 10327 12673 12124 3781 6742 7779 4860 
2 11 4860 12572 4857 7880 1767 6722 12566 1836 4772 1752 3719 
2 4 10624 4863 7883 4759 
2 8 10327 1690 1832 4838 1854 1857 10593 10624 
2 5 10717 7834 1352 7892 4740 
2 4 1534 9802 4811 4740 
2 3 1534 2043 1806 
2 6 3960 2082 8025 5103 1618 1806 
1 3 1806 7904 10798 
1 3 10798 11802 4740 
2 5 3960 9920 5085 3875 3972 
2 3 10798 10702 3972 
2 5 4740 11802 7762 2055 3972 
2 2 3972 9908 
2 5 9908 12624 4586 10340 4740 
2 6 9908 12893 10867 8070 3867 10740 
2 4 10740 12791 3883 4975 
2 3 4975 10642 12627 
2 5 4740 10340 4586 1738 12627 
2 3 12627 10588 1827 
2 10 10717 7834 4757 12513 1753 10532 4871 12570 12642 1827 
2 9 10717 7834 1352 7892 12024 4814 4586 1738 12627 
2 3 1827 7780 4723 
1 3 853 1793 11814 
1 4 11814 4799 4657 10387 
1 4 853 7747 6897 10573 
1 4 10573 10645 12552 4975 
1 4 10573 7821 12765 11814 
1 9 12627 9792 868 1658 6887 1756 4742 10662 4865 
2 8 4865 10651 12573 12699 850 4799 4657 10387 
3 9 4865 10651 10591 7827 4736 10422 11698 710 9713 
2 3 4865 10582 12535 
2 4 12535 1789 10556 9616 
2 6 12535 7888 12633 12561 10640 4723 
1 4 1814 4804 12617 12604 
2 8 1814 4804 12617 7783 1713 7887 1565 4543 
1 4 1814 4804 7692 1801 
2 4 2197 5195 2203 2211 
2 5 7798 4776 12932 12924 12910 
2 8 7798 12576 7755 1667 10455 10682 12435 12406 
2 10 7564 7535 7522 4481 12308 7651 10487 10460 4560 7566 
1 4 1454 12104 1431 7669 
1 4 12364 1555 4573 7621 
1 5 12364 10402 12394 12409 1639 
1 4 12364 10402 12394 10418 
1 7 12364 12351 10390 8208 5184 12970 8215 
1 3 8215 10992 650 
1 2 650 8222 
1 17 650 5191 8194 5228 11000 5171 12994 13301 8217 13303 5131 13086 13287 13288 2210 2182 5166 
1 6 650 8229 8251 5121 12920 5169 
1 3 1639 12494 10935 
1 3 12364 12351 7500 
1 3 7500 10985 12942 
1 5 8187 10943 12453 10515 12364 
1 4 8187 8238 2173 2152 
1 5 10362 12496 1613 1626 4604 
1 11 7500 5163 10975 8255 5143 8216 13311 2224 5229 10987 12930 
1 6 12930 8157 5230 13195 10952 13086 
1 3 4604 4589 10447 
2 7 4604 4589 7594 1542 1529 5156 8181 
1 4 8181 7553 10947 10513 
1 2 10513 5112 
1 4 10513 10432 5172 10980 
1 5 10980 8190 12996 2153 10999 
2 4 10980 12334 8148 7476 
2 8 10513 10947 12972 5186 12937 2181 10959 8189 
1 6 10513 10947 12972 5186 7636 12977 
1 2 10946 8143 
1 4 10998 5182 10967 5168 
1 2 5168 2227 
1 2 2229 10963 
2 4 10963 7605 5203 1509 
2 2 1509 10697 
2 3 10697 4822 4696 
1 4 1468 4556 12648 10400 
1 2 2213 10400 
1 2 7576 1468 
1 2 4696 1833 
1 4 8245 1688 5106 10400 
3 2 10697 5231 
3 3 5231 12648 10400 
2 2 10963 4879 
2 2 2120 10929 
2 4 10929 1874 12963 8214 
1 3 8214 10668 5231 
1 4 10929 1874 7872 5199 
1 3 5199 12504 191 
1 5 8214 12963 1874 7872 5199 
1 3 10968 12925 5117 
1 5 2196 8205 12911 10932 8144 
1 3 5160 10860 1939 
1 3 1939 5196 5210 
2 2 7989 2046 
1 3 2046 2003 12725 
2 5 11921 4129 7162 7180 11969 
2 2 9994 11969 
2 2 12051 7081 
2 6 7081 1160 4163 1046 7180 11969 
2 6 12051 7065 13077 4131 11939 1145 
2 5 1145 9964 12760 11923 7132 
1 6 7132 4150 7008 12018 7958 4933 
2 7 7132 4116 989 1111 4097 11987 7100 
2 3 7100 10070 7069 
2 4 7069 10023 4139 4108 
1 4 2012 8015 12710 4948 
1 5 2050 12900 2025 1969 4972 
2 4 9570 6462 9511 11467 
2 4 3458 6416 11430 9427 
2 3 9817 11673 6734 
2 4 321 11305 9320 9347 
1 5 3522 9238 9294 11305 321 
1 5 3522 9238 9294 9320 9347 
2 7 2086 2054 1908 4984 10847 1980 4110 
2 7 2086 2054 1908 4149 12886 1103 9975 
2 9 4245 4204 7593 12452 1637 10471 10332 7938 5040 
1 8 3022 6038 3111 11049 3162 11052 46 3108 
2 7 11542 9429 583 421 6562 3414 3583 
1 4 3583 3414 6562 3569 
1 5 3569 557 3718 6739 11666 
2 6 11542 9429 583 421 6562 3569 
2 3 7859 12435 12406 
1 9 12406 7520 10388 4478 4658 10500 12451 10430 7564 
2 4 8186 5225 10925 12910 
1 10 12406 1537 10427 12377 11019 2114 8249 5211 5225 8186 
1 13 8186 10927 8165 5197 12948 2191 10969 8200 10949 1526 10983 2157 1652 
1 9 10433 9782 10503 12482 11906 6811 810 3977 957 
1 7 957 3977 810 6811 9766 973 9897 
1 8 4572 7663 11864 9913 9928 11893 6964 9897 
2 5 11771 11808 916 4642 4572 
1 4 4572 4503 7652 10433 
2 3 10433 7582 4506 
2 9 4506 12485 4876 10638 13150 4745 7743 4719 4677 
2 7 11771 846 9831 930 4633 4561 4506 
2 7 4725 10655 7801 12678 12261 4805 12189 
1 9 4725 7763 12657 10678 7851 12543 10559 7725 4677 
1 5 4506 1588 12618 7832 4725 
2 6 3585 6470 11404 3474 9416 11544 
1 4 12051 9976 12034 9943 
1 7 11459 500 509 9516 533 9504 3529 
1 8 11408 9564 3539 11485 9436 3582 9504 3529 
1 6 9878 6945 11796 3927 6992 4112 
1 5 6912 11778 9921 928 4112 
1 6 3951 11831 856 981 11898 9921 
1 5 9777 3903 3935 9915 11881 
1 4 3870 921 6977 9777 
1 4 3889 9893 9912 7620 
1 3 11853 6991 10472 
1 3 7101 10517 7097 
1 4 3992 4083 7172 7199 
1 3 6747 723 3707 
1 3 560 11503 6435 
1 3 3707 11686 754 
1 6 754 3757 3575 6597 409 3452 
1 4 6344 9371 9396 11230 
1 6 3122 11065 3172 66 195 11121 
1 5 9206 11162 3050 6150 3187 
1 13 3187 3030 9061 3068 9169 193 3125 6146 11079 9233 9106 6212 11121 
1 3 11141 9104 3125 
1 7 11043 9163 9056 6141 11033 3119 6138 
1 3 3025 3137 9167 
1 9 9108 6165 6125 9147 11125 11164 11081 158 11121 
1 8 3668 6701 700 6748 3726 6758 11706 9753 
1 9 9753 6620 11429 9455 6486 6516 520 11474 3529 
1 6 10364 1004 1603 5092 7406 7418 
1 2 12766 13250 
2 6 11618 11615 656 11598 9598 603 
1 4 9602 6998 6953 6940 
1 3 8216 8195 5171 
1 2 3536 575 
2 3 11483 6504 454 
1 2 11420 9500 
1 8 3338 3075 3065 9130 72 75 9199 9131 
1 5 3834 8012 13522 10765 4908 
1 4 10740 8097 12745 10830 
1 3 5015 13512 12835 
1 3 12811 10746 10800 
1 3 10800 13509 12835 
1 3 10800 12850 10830 
1 4 10830 13516 13520 10765 
1 7 12736 8119 7964 12859 1892 12461 1562 
1 6 12461 13533 12833 13531 2069 8012 
1 2 12811 2019 
1 3 12715 13429 4965 
1 6 12715 13398 4904 12867 2021 10889 
1 3 4965 13404 2077 
1 4 10886 13085 4991 2077 
1 4 12753 10889 13394 12810 
1 3 12810 8089 10730 
1 2 8089 1965 
1 3 1965 10832 8032 
1 5 12835 12721 2083 4956 2008 
1 3 2008 12755 1965 
1 8 12810 10732 8079 13461 5021 13088 13508 5015 
1 3 13089 4887 12755 
1 5 10895 12873 13465 10172 4956 
1 4 8057 13505 13491 10895 
1 4 7921 10853 7973 10800 
1 2 7921 10895 
1 5 8057 13511 1945 4977 4908 
1 14 7622 13500 13501 13494 7451 13478 13469 13470 13462 13458 13455 13456 13451 1550 
1 6 13456 13452 12347 7590 13446 13448 
1 4 7660 13423 13432 4598 
1 6 7660 13408 13413 13406 13410 4641 
1 4 4641 13560 13422 13561 
1 4 13561 13436 13437 4598 
1 3 12823 13093 12865 
1 3 12738 13092 13087 
1 7 7630 7617 4624 13564 4611 12878 13087 
1 3 12823 13464 10886 
1 3 12865 13499 8017 
1 7 13499 13380 13381 2075 1988 13377 12878 
1 3 12738 13473 12865 
1 4 13845 3499 9456 3522 
1 2 13845 6521 
1 6 11542 14094 14099 469 573 514 
1 5 14096 14097 14098 14093 11542 
1 5 9665 11651 704 14125 11666 
1 8 3585 14096 6418 9421 9541 543 6723 704 
1 3 11666 14126 6739 
1 10 9660 14079 14081 9690 6561 11522 541 14083 9692 6739 
1 2 11522 11539 
1 8 11581 9611 3670 682 14071 14073 6703 9660 
1 9 11666 14124 3700 14082 6720 14080 14077 14078 9660 
1 6 619 3623 6670 11625 14074 9660 
1 4 619 3617 11580 11586 
1 5 9602 6634 11583 13815 11586 
1 8 9783 11597 657 9635 687 3701 6727 11670 
1 4 11846 13795 9904 11751 
1 5 9904 13798 9794 6926 967 
1 3 6926 3885 9750 
1 4 9879 13810 13813 967 
1 2 9907 6946 
1 4 11506 14102 11518 11549 
1 9 11516 11488 9505 3533 11732 551 6949 11491 14102 
1 5 11506 14103 9534 6569 11563 
1 3 9534 6585 454 
1 5 11506 9523 14100 9507 6533 
1 2 512 9507 
1 5 6449 3579 11535 6599 9434 
1 5 9434 9578 3549 6547 9507 
1 3 11508 9550 3579 
1 5 6599 553 3509 11463 9492 
1 4 3652 3669 9490 551 
1 4 3594 9625 11628 3652 
1 3 11565 11720 6775 
1 4 6766 3948 3751 11709 
1 7 3816 9813 11821 915 9882 12169 3749 
1 5 943 6931 13800 11779 854 
1 5 9764 9797 872 11819 11821 
1 3 5010 13239 7980 
1 6 13239 5097 7944 2072 13238 12766 
1 5 12766 8043 4985 8124 7980 
1 8 10833 5068 12757 13253 13248 10775 8036 5010 
1 3 5010 10734 7912 
1 6 5010 13242 13241 1984 13237 13250 
1 5 2046 2088 7987 13251 13237 
1 4 12991 2020 12812 12757 
1 5 2020 1964 4909 10891 1966 
1 3 10833 8094 4909 
1 4 2020 2063 8164 12941 
1 6 1149 4051 11940 4962 12082 13781 
1 7 11954 1062 7139 10049 12025 9992 1130 
1 15 11954 4120 1127 1198 4057 12088 10117 10046 4047 1041 1118 9980 7209 4194 1149 
1 4 7076 8069 12866 4962 
1 4 7076 4200 7063 4120 
1 5 4133 9977 1186 13078 1130 
1 2 4133 4200 
1 4 9977 10785 1140 1057 
1 3 4206 13686 1086 
1 10 4206 13681 4088 4161 13910 11979 1155 12049 13908 7011 
1 3 4088 11970 1015 
1 3 1086 13685 7151 
1 14 4206 1201 1065 13690 1074 13966 4111 14010 4550 1056 14020 14021 7140 13995 
1 3 11746 806 3889 
1 4 13995 12473 14002 3889 
1 3 10087 13982 1056 
1 4 1088 13991 13997 12473 
1 5 9932 3979 6919 3950 9777 
1 4 11853 9954 9868 6919 
1 4 3653 7454 789 6991 
1 5 10472 3564 12320 12450 1539 
1 6 11617 11647 9663 3698 717 9696 
1 3 11617 11599 772 
1 4 1530 11609 9628 9647 
1 12 9628 9647 6702 11690 11693 3746 759 3774 9594 6463 9440 9455 
1 12 11523 9432 6601 3551 9473 410 6473 9445 6424 6515 9420 12128 
1 4 10737 12769 10789 5064 
1 8 10737 10781 12653 7224 12250 12430 10187 1459 
1 5 10737 12831 12717 10173 4979 
1 2 5105 5064 
1 9 10414 7560 4958 4893 12871 2062 1948 4949 8013 
1 2 4949 5064 
1 6 4893 10476 10896 7984 7916 10737 
1 10 10837 12818 12704 12748 5073 1957 5029 7491 10357 10414 
1 3 7602 10351 12333 
1 3 8117 5089 5005 
1 2 12832 8117 
1 4 7982 12863 10881 8117 
1 4 12863 1986 2070 5075 
1 7 10837 7969 4553 4901 4473 12434 1536 
1 3 1896 12793 4901 
1 5 1822 4943 9816 8125 7969 
1 4 1896 4755 7604 1822 
1 6 4943 5098 829 10774 7953 5005 
1 6 5029 1888 7990 12739 12895 2070 
1 4 1517 4563 10406 7563 
1 3 8085 13366 2089 
1 9 13366 13946 13947 8001 2004 13954 7994 13959 2097 
1 5 2097 13971 10793 13979 6826 
1 5 13971 3795 8123 13993 10106 
1 7 2097 12046 13972 12413 13968 13967 1631 
1 6 8001 13948 13951 10876 13958 13972 
1 5 13972 13983 1600 13992 10106 
1 4 10106 10811 7530 10497 
1 3 10497 9858 11853 
1 5 7620 9860 876 9954 11853 
1 3 1549 12387 10497 
1 4 7620 11759 4512 12387 
1 3 1549 10882 901 
1 8 1549 1578 1634 6883 13999 7671 13998 12473 
1 3 1631 10383 13973 
1 8 4111 13965 13969 13973 13975 12316 2013 901 
1 4 792 14009 14011 14014 
1 4 4111 13970 13692 14009 
1 3 14014 14016 13982 
1 5 14009 14013 14017 14018 10087 
1 3 1108 14015 14009 
1 4 1065 14006 13691 792 
1 6 792 13691 14006 11919 13689 1201 
1 8 12071 1151 10028 7030 7188 4143 12004 7011 
1 9 7011 3996 992 4145 1071 11910 10061 11967 9989 
1 3 4076 7164 3996 
1 3 7011 10073 11964 
1 8 7011 4055 1068 10031 7144 11974 12044 1151 
1 8 2046 10900 10745 13886 10844 11999 1064 12071 
1 4 11999 1028 10097 12044 
1 5 1130 4136 10120 7079 9989 
1 3 11910 7148 13897 
1 3 1057 1994 13781 
1 8 1994 13877 13875 4902 13872 4978 4897 2081 
1 3 7005 10026 11921 
1 10 7180 7077 4061 11935 10082 12000 1105 10067 1189 1149 
1 2 12000 7005 
1 4 12000 10082 3987 9943 
1 5 12051 10078 4046 7166 11939 
1 7 1145 4146 1128 7033 7149 5053 5035 
1 4 12760 12020 4018 1126 
1 3 12857 7203 4108 
1 3 10023 1207 4933 
1 3 989 7116 7958 
1 3 12100 13786 4097 
1 5 10070 1194 10113 13787 9945 
1 5 13787 12087 4199 7215 13786 
1 4 8038 13784 5046 7203 
1 3 8038 5012 10875 
1 4 10875 13799 7992 5034 
1 3 5034 5077 10814 
1 2 4948 5034 
1 3 4989 7972 12710 
1 9 4989 12834 12891 12747 12858 1909 2038 2094 7959 
1 6 7959 5039 5070 8065 8122 10803 
1 4 8122 5013 12787 10862 
1 5 12787 12785 1951 10919 2050 
1 3 12787 8096 10836 
1 4 10919 12874 12762 2056 
1 4 2012 10829 12751 4927 
1 3 8065 12794 4927 
1 3 1909 4957 12751 
1 3 4927 7930 5101 
1 4 10836 7950 12707 2056 
1 4 2056 7939 10917 8128 
1 2 1891 2056 
1 2 1891 1969 
1 3 8034 1992 2025 
1 4 1992 7978 9137 2080 
1 5 12830 8078 1993 9152 2081 
1 4 12830 11012 5054 2080 
1 4 2115 10968 8219 8248 
1 3 10966 5158 8248 
1 6 10966 13372 1552 10538 697 5199 
1 5 1552 7548 13371 9986 2024 
1 6 2220 9962 3854 12989 12929 5160 
1 6 12504 5221 12986 12908 2180 5164 
1 11 8245 5177 12935 2120 12971 2180 2159 10972 8201 8182 2196 
1 3 12589 12547 4696 
1 4 12547 12692 12419 1509 
1 4 4528 10442 12419 10697 
1 4 4556 1494 7900 8245 
1 5 4879 10957 8136 12391 13372 
1 6 5117 13370 12775 7219 8048 1950 
1 4 5117 13370 10071 988 
1 6 2024 1731 10858 7161 4941 2220 
1 3 2220 4171 10932 
1 4 1939 10860 11017 10932 
1 5 5221 1846 10988 5180 10932 
1 3 2196 8183 5210 
1 3 12941 10976 5210 
1 5 5160 11145 8019 13246 8036 
1 4 5139 10948 3109 10071 
1 3 5117 8193 12975 
1 4 8193 2192 13210 10948 
1 2 10948 2080 
1 3 12830 11108 5084 
1 9 2096 13855 13856 10877 12744 13867 1914 13870 12806 
1 4 2046 12881 10743 12806 
1 7 12806 13868 13869 2016 13871 8103 5060 
1 8 12806 13868 10795 10851 13865 13864 13863 1960 
1 6 2096 13850 13854 10908 4033 13863 
1 3 5084 10857 4033 
1 5 1914 12887 2009 12856 5010 
1 3 13242 4954 12887 
1 3 10877 13244 7912 
1 2 2096 11145 
1 2 12989 7088 
1 4 1950 12847 12783 7088 
1 4 12956 13820 13821 5128 
1 3 5128 13822 5185 
1 4 5128 8188 13824 5222 
1 4 10840 13607 1973 5074 
1 8 10840 13611 13614 13620 4976 13637 13639 13079 
1 3 13599 10752 10840 
1 6 13079 2103 8002 2018 5049 10760 
1 4 7960 13659 4993 10760 
1 3 7960 10904 13369 
1 4 4993 13665 13676 13369 
1 9 7960 2048 8108 4932 10791 12702 1955 14042 8085 
1 2 8051 13674 
1 2 8051 13664 
1 2 8051 4932 
1 3 12727 5024 10791 
1 6 12727 12870 8004 2090 5037 12883 
1 6 12727 12813 10892 12758 10835 8092 
1 3 2033 7934 10892 
1 6 11976 13678 12455 2027 5099 12758 
1 7 8085 10850 14043 14045 14044 14046 4974 
1 4 12702 7995 10923 4968 
1 5 5037 1923 8073 13626 10840 
1 5 12727 5081 12768 13643 13637 
1 5 7604 6935 7470 11880 9858 
1 2 6997 4755 
1 5 6997 4660 9715 1610 4477 
1 6 1599 13761 11645 4545 7495 7661 
1 6 1591 4224 12583 10530 10660 1459 
1 6 1591 10547 10619 10550 10680 1668 
1 4 1668 10653 10161 7350 
1 9 7597 10508 1312 1243 4389 7335 7405 10292 7350 
1 8 10312 12115 4337 12266 10268 12111 10179 4389 
1 7 1591 4224 4773 12385 4492 12487 10508 
1 9 7597 10353 4638 4581 4488 1479 12324 10485 1493 
1 2 1493 12491 
1 3 1573 12161 10470 
1 4 4581 7486 10420 7501 
1 7 3618 9453 13008 10264 12179 1371 1314 
1 7 1517 11701 3593 475 642 9453 3618 
1 10 3618 464 6498 11482 9513 3538 3406 499 11460 11523 
1 2 11523 3578 
1 4 560 6280 11341 9304 
1 4 9427 11413 13838 3550 
1 7 11413 442 6499 6522 9494 9468 11479 
1 4 3544 9400 9508 493 
1 5 3544 524 11385 11274 11301 
1 4 6375 9290 6567 3544 
1 4 3544 6511 3458 562 
1 4 562 9521 11399 6580 
1 2 562 6499 
1 5 524 402 9544 11466 3392 
1 5 6558 3460 3283 6462 9511 
1 5 6558 17 11515 493 9508 
1 5 6558 3532 11478 3473 9496 
1 4 6375 9346 3351 3380 
1 3 6375 9372 11386 
1 4 6462 11558 9546 493 
1 4 3458 6416 11532 11428 
1 4 557 14129 9527 704 
1 3 688 14122 9665 
1 5 14122 3684 14119 9679 9648 
1 5 14124 14123 14121 6690 9648 
1 5 9617 14067 6658 9612 9769 
1 5 657 6677 11603 14069 9617 
1 5 9606 11608 9640 693 6711 
1 8 6711 3694 676 11639 9668 3689 11672 3741 
1 3 723 6747 3741 
1 3 6706 9701 6747 
1 6 9617 14069 3663 11619 690 3689 
1 3 3636 14068 9617 
1 4 3663 9651 11636 6706 
1 3 687 3076 6706 
1 6 3796 11588 637 11605 6679 11639 
1 7 3694 9672 6731 9685 11689 6761 9548 
1 4 3707 565 3577 3407 
1 4 3577 3407 577 11550 
1 4 6727 6743 9683 3707 
1 5 11405 11422 3399 429 9571 
1 3 429 6776 6474 
1 7 721 737 9712 6771 11700 9729 9571 
1 3 3722 568 737 
1 5 3686 13768 705 13770 3722 
1 2 705 6704 
1 8 705 6724 9677 13769 9680 6741 11729 3734 
1 5 721 3755 11683 11546 6597 
1 4 11670 9698 11703 11546 
1 3 9461 6505 3479 
1 3 514 9535 6595 
1 9 540 14130 3463 3422 6489 14132 14138 11333 6103 
1 4 3501 13070 14139 6103 
1 4 9458 14138 11333 6103 
1 5 6103 14142 14146 221 271 
1 5 6103 14140 14141 11471 3369 
1 7 6103 14140 14141 11471 14143 6378 377 
1 6 9297 14149 6270 14147 9239 14141 
1 4 3369 14143 6378 377 
1 5 377 14145 253 311 9364 
1 4 311 3301 14150 9297 
1 3 9297 14152 11279 
1 5 9297 14152 11345 14153 6318 
1 6 9297 14150 3301 3205 14154 6384 
1 4 6384 14154 14155 6318 
1 3 6318 14157 9379 
1 3 9379 9269 11297 
1 7 9379 11382 364 9268 11221 14142 6103 
1 6 322 14151 296 11221 14142 6103 
1 6 540 14130 3463 14135 9484 3369 
1 5 9297 14149 14148 14143 3369 
1 3 11279 9268 296 
1 4 9392 14168 9383 3273 
1 4 9392 14168 6320 9350 
1 5 9392 14167 11378 11299 351 
1 7 9392 14168 9383 6300 3150 11136 200 
1 10 9392 14168 9383 159 11306 9075 6046 6104 131 13270 
1 6 351 11270 14162 11317 14161 11297 
1 8 6384 14156 6335 6399 11332 11218 14163 9350 
1 3 11332 219 351 
1 6 9379 14159 9332 9397 9285 219 
1 2 271 322 
1 11 540 14130 3463 3422 6489 14132 9458 14133 11446 14134 3501 
1 2 407 14145 
1 3 11293 7377 285 
1 5 11293 3342 303 3396 9303 
1 5 11293 3359 369 11238 11371 
1 4 11293 3342 11237 7394 
1 2 3379 3329 
1 4 11293 3359 3242 3379 
1 4 11293 3359 11303 385 
1 5 7394 9284 6313 3396 9303 
1 3 9303 9255 11371 
1 4 303 9310 11267 7394 
1 3 303 3342 285 
1 4 303 11287 11238 11371 
1 4 303 3359 11303 385 
1 5 6960 9898 11877 11849 11834 
1 5 11877 9728 11716 6786 6613 
1 5 9909 956 11875 3762 762 
1 5 9495 11465 11616 11600 6657 
1 4 6657 9597 11565 9737 
1 5 6777 6762 6759 929 3749 
1 4 13695 14055 14057 7193 
1 2 7193 11984 
1 4 7193 14057 13697 13698 
1 6 11586 9599 3956 3922 6913 9809 
1 5 11586 3609 797 11741 11899 
1 4 11899 953 13885 9894 
1 7 6889 9894 6942 6957 3974 984 3943 
1 6 11581 3596 6614 6611 11901 3943 
1 5 11581 3654 6650 13252 11564 
1 3 6626 599 9627 
1 2 9627 11564 
1 4 11581 3596 6619 6983 
1 7 11899 3868 11872 11572 6619 3596 11581 
1 5 11899 982 3922 13805 6940 
1 3 3882 867 833 
1 3 3882 9874 6940 
1 2 3601 13252 
1 4 3601 6611 11901 3943 
1 4 6983 3985 3974 3924 
1 4 9809 11858 982 11899 
1 2 9849 6940 
1 3 3882 867 9849 
1 3 9914 9780 9809 
1 2 9914 13255 
1 3 9914 9875 6900 
1 3 9914 3884 11767 
1 3 9914 9875 833 
1 3 9914 11762 9849 
1 3 4109 13789 7127 
1 4 4109 13789 3988 7211 
1 5 4109 13789 1109 976 3864 
1 6 4109 13789 1109 976 3864 3973 
1 9 4109 13789 1109 976 11895 11786 3914 914 11767 
1 9 4109 13789 1109 976 863 3973 3844 10163 11818 
1 14 4109 13789 1109 976 3864 3973 3844 10163 11818 3936 9930 11774 13760 11905 
1 7 1106 12001 1205 976 1109 13789 4109 
1 8 4109 13789 1109 976 11895 9916 9805 10203 
1 6 11965 4078 7096 3988 13789 4109 
1 4 12058 1164 9940 4170 
1 3 11905 13762 11842 
1 8 6923 14063 9862 9888 9902 922 14038 9833 
1 2 11842 9902 
1 4 9783 14064 9919 9902 
1 5 9833 11829 14036 14034 904 
1 9 9833 11829 14036 14034 904 3905 6908 14028 11747 
1 8 9833 11829 14033 11811 14031 947 11867 6912 
1 8 9833 11829 14033 11811 6871 6808 909 3983 
1 3 3951 3786 14031 
1 2 3951 6808 
1 11 9833 11829 14036 14034 904 11866 11883 979 3982 3967 6995 
1 15 9833 11829 14036 14034 904 11866 11883 979 3982 3967 6995 11881 11894 975 9932 
1 11 9833 11829 14033 11811 14031 947 11867 11778 9921 11848 4112 
1 13 9833 11829 14033 11811 890 9806 11784 6925 9861 3870 961 11810 11746 
1 10 11747 14025 804 3862 3964 6977 6888 9761 6965 7620 
1 7 11747 14027 14030 9844 9871 6978 6995 
1 11 11747 14027 804 11839 11897 933 3935 960 3965 3979 9932 
1 9 11747 14026 6925 11792 11860 3788 784 12016 1005 
1 11 11747 14026 11784 3907 909 3983 6945 11796 3927 928 4112 
1 5 10007 10122 12013 11907 9878 
1 5 6550 8435 6864 9799 11778 
1 12 4512 11759 7620 3890 3921 6888 921 3807 11844 804 14027 11747 
1 4 9932 3714 11753 3653 
1 5 7376 12260 12288 10261 4401 
1 7 1464 12332 4339 9961 10129 13647 4075 
1 12 1464 12332 1390 1520 4539 1374 13619 1592 12447 12475 4639 7376 
1 3 7376 10289 7432 
1 8 7408 7225 1244 7292 1353 12191 10289 7376 
1 14 4401 12232 10232 12204 1285 10162 4405 4334 1300 4255 13613 10137 13624 4379 
1 7 4405 7380 1400 12150 13597 10204 12475 
1 6 4401 1396 1423 12133 7331 4341 
1 3 4075 13648 1157 
1 3 4075 13648 4119 
1 5 4075 12048 1073 13655 7518 
1 6 7137 4177 4121 9948 7015 12048 
1 16 4075 13648 4119 1185 11936 13646 10016 4397 13644 12297 7280 1302 13636 13633 13630 4379 
1 5 7137 10050 7192 10105 11981 
1 7 7137 11926 1018 4023 7135 4160 1070 
1 8 7137 10050 12023 7044 1087 1187 7152 1047 
1 3 1319 4559 7965 
1 5 1319 8023 7976 10863 4425 
1 13 1319 7446 4501 1114 1196 1172 4656 1469 4121 9948 7015 12048 4075 
1 3 1319 4192 4504 
1 6 1319 12841 2067 10841 12141 4925 
1 5 6999 1893 11865 10144 7418 
1 7 6999 4141 9939 1474 7577 4480 10404 
1 3 6999 7240 4925 
1 5 6999 7240 8026 12767 2045 
1 6 1319 4192 4504 10763 1010 4141 
1 6 7101 10517 12310 12017 4480 10404 
1 6 7101 7434 10757 7948 10144 7418 
1 6 7101 7434 12086 4130 12467 4619 
1 3 7101 10517 7097 
1 7 7101 7279 4896 10822 10304 4141 6999 
1 5 7137 7650 1597 7095 10404 
1 6 7137 4077 10459 4085 1884 4504 
1 7 7137 4077 10459 1625 7606 7446 1319 
1 8 7137 4077 4628 4085 4532 10616 4325 1010 
1 10 7137 7650 1597 7168 10404 4480 12017 7665 10517 7101 
1 3 11913 1146 7222 
1 9 11913 1099 1171 11937 10044 1153 4185 4038 3992 
1 7 11913 1099 11994 10017 4203 9959 4619 
1 11 11913 1099 1171 11937 10044 1153 7637 4619 4631 9999 7097 
1 12 11913 1099 11994 10017 4203 9959 4619 12467 4130 12086 7434 7101 
1 14 11913 1146 7222 10017 4203 9959 7167 7625 1612 10757 5030 4041 1893 6999 
1 15 11913 1146 7222 12036 10064 4158 10462 9934 7609 7596 7948 11865 2030 8026 4925 
1 20 11913 1099 1171 11937 10044 1153 7637 1036 4631 9999 7097 12483 12310 12017 4480 10039 7095 1597 7650 7137 
1 17 11913 1099 1171 11937 12019 1153 4185 4038 9984 7172 7199 4183 7004 9970 10080 12095 1047 
1 7 4196 1166 10042 10012 11961 4038 3992 
1 6 7071 12084 1006 10112 12030 7199 
1 6 9938 4165 4207 4050 7108 1047 
1 8 1047 12095 1120 9970 9982 1448 13143 7097 
1 10 1047 11941 10121 9997 11918 7159 7502 12483 10517 7101 
1 6 1055 11947 9944 7007 1153 10044 
1 4 3992 1628 1036 4619 
1 5 8049 7208 1034 4634 1519 
1 5 7940 12846 13924 10490 12732 
1 8 7940 12846 10750 10490 12732 13925 7511 8127 
1 7 4999 1918 7988 13923 1882 8018 7940 
1 7 2045 4403 4313 12815 1882 8018 7940 
1 2 4999 2067 
1 9 4925 4375 9966 10787 10903 13923 1882 8018 7940 
1 6 8049 4939 5025 556 2022 12732 
1 4 4973 8112 1970 2015 
1 8 4973 10911 1943 2074 5736 7792 10545 4709 
1 6 4709 4770 1703 4828 12119 2015 
1 5 4709 10674 10691 12737 4823 
1 7 4709 7850 7866 1708 12662 7784 1668 
1 13 8127 10724 10854 12706 3427 10451 10507 1438 1027 10480 1137 13935 9843 
1 8 9843 13935 1137 10480 1027 1203 12344 1519 
1 8 9843 13933 11761 9969 11944 11980 7189 1069 
1 7 9843 13933 11761 1134 10022 4032 4190 
1 8 1069 1084 11980 11996 9969 11761 13933 9843 
1 10 10000 1184 12074 4089 12093 11944 9969 11761 13933 9843 
1 12 4205 1200 7105 1184 12074 4089 12093 11944 9969 11761 13933 9843 
1 16 9843 13933 11761 9969 11944 12093 10102 4071 1154 1124 1029 4082 7142 7181 4148 11913 
1 20 9843 13935 1137 10480 1027 1203 12344 1519 1531 1034 1575 5007 7301 4256 4167 2091 12274 2030 7240 6999 
1 20 9843 13933 11761 9969 10022 4032 1188 4058 4144 1139 9958 10364 12012 7459 4009 7609 1612 12086 7434 7101 
1 26 9843 13933 11761 9969 11996 10003 7092 9987 12069 4010 10098 7126 10434 12426 10462 7167 12467 9999 1640 13143 12350 9982 9970 10080 12095 1047 
1 20 9843 13935 1137 10480 1027 12432 7631 10451 4960 1959 8055 8127 5057 13926 13929 13930 2099 10796 10834 7940 
1 4 7940 10865 12864 5736 
1 5 5033 5080 12899 4914 7940 
1 23 5033 5080 4964 1882 12815 4313 12797 12882 1933 1647 517 8049 7208 1458 4074 12300 4469 1438 1027 10480 1137 13935 9843 
1 8 1319 4559 7965 12789 5102 8041 5018 5033 
1 11 4709 12656 7732 1838 12820 7971 2028 10770 5031 12750 8127 
1 20 4709 12656 7732 1838 4843 1778 8102 4783 10899 7803 12880 1959 4960 10451 10507 1438 1027 10480 1137 13935 
1 23 13935 1137 10480 1027 1203 12344 1519 1531 1034 1575 5007 7301 4256 4167 2091 12274 8026 4925 12141 12819 5072 12841 1319 
1 6 9843 13938 6904 10397 7674 11752 
1 14 9843 13936 13932 11822 12043 1052 3900 11886 6837 9835 11764 964 3783 1150 
1 13 9843 13936 13937 13939 900 814 3881 6898 934 3934 11815 987 11771 
1 6 11771 987 892 964 3783 1150 
1 12 11771 6951 9788 3934 934 11855 7633 972 6988 4495 7674 11752 
1 11 4572 930 1638 11903 12478 10426 7575 10499 12348 1608 11752 
1 12 10433 7582 4633 1499 11903 12478 10426 7575 10499 12348 1608 11752 
1 15 10433 7652 4633 1499 11903 12478 10426 7575 972 6937 10331 9768 13940 13938 13935 
1 13 9843 13936 13937 3955 900 814 3881 11855 6852 9927 11836 930 4572 
1 5 12068 4096 9955 13666 7186 
1 3 13673 13670 7186 
1 6 7186 13666 13661 12027 12068 11914 
1 8 4056 4086 13707 11977 13712 13715 13718 7125 
1 10 7125 13718 7221 7204 7175 13710 13703 4126 10110 11948 
1 7 7125 13719 13720 13717 9936 13716 11912 
1 6 7125 13725 13728 13731 4004 11958 
1 5 7125 13718 7221 7204 13713 
1 8 7125 13719 13715 13712 11977 13707 13701 1054 
1 7 7125 13719 13715 1100 4103 7121 13711 
1 9 7125 13718 13715 7204 11977 13706 13702 13699 12085 
1 11 7125 13718 7221 7204 7175 13710 13703 4126 10110 11948 1177 
1 7 4052 7171 11770 978 852 3981 3852 
1 8 4052 13747 10065 13741 12040 13729 13727 7125 
1 2 4052 13744 
1 15 4052 7171 11770 978 852 3904 11878 6922 959 6822 898 6944 11879 3977 957 
1 9 4052 9790 912 9918 6860 3839 3895 9885 11771 
1 12 4572 1567 3932 6905 9803 3949 9848 6860 11835 912 9790 4052 
1 6 3852 3904 9899 906 11781 6905 
1 7 1148 11958 848 10083 6928 3981 3852 
1 7 10265 7323 10165 4423 10167 10298 12213 
1 4 10265 1221 4288 10272 
1 17 10265 1221 12236 10306 1372 12279 4228 1311 1340 4373 1224 4269 1293 12188 12245 7445 4241 
1 8 4241 1234 4427 10300 7417 7389 4399 1421 
1 7 7385 12153 10186 12112 1261 10302 7423 
1 4 10265 7323 10165 1415 
1 5 1415 12253 10167 10298 12213 
1 4 4241 7445 12217 10214 
1 15 7408 1427 12122 12220 4388 1308 1281 12201 1394 1337 4371 7236 12131 1279 7329 
1 5 10297 4384 10227 13835 7329 
1 5 10297 4412 7427 4424 12299 
1 11 10297 1376 12215 7342 1291 13592 12144 10156 12286 1366 12230 
1 4 12230 10158 1308 4388 
1 2 1648 4652 
1 10 12268 4364 1373 1533 10382 10354 7327 12302 7673 4652 
1 7 12268 12296 4276 12165 1342 10279 7381 
1 8 7381 12249 1386 7223 12277 12293 4390 4608 
1 6 1316 4335 2170 2184 7355 10237 
1 4 10237 4323 4236 10325 
1 7 10282 4335 2170 7424 5226 4236 10325 
1 9 1208 12905 4216 7443 2117 8091 10269 13834 7371 
1 3 7371 13834 13836 
1 6 7371 13834 13832 12171 12186 10199 
1 4 1208 1304 1316 10282 
1 7 10325 1404 7415 12243 7358 10240 10199 
1 15 10263 1589 10464 12330 7336 1518 12358 1098 4307 4262 1289 10169 7311 10197 10153 
1 5 4329 7349 4346 12995 10260 
1 6 4329 4289 7409 12931 5135 12154 
1 5 4329 4289 7409 4418 12237 
1 9 4329 4289 12135 1242 1222 12123 10147 12484 1283 
1 15 4329 7362 4317 10974 4418 12237 10251 1329 1301 4304 7352 7324 10206 10166 7251 
1 9 12371 10396 4552 1546 7585 4524 7487 7512 4468 
1 4 12371 10423 12400 12240 
1 4 12240 12428 7614 12154 
1 7 1283 12484 4635 1602 4593 7269 7585 
1 4 10747 12703 1937 12790 
1 2 10747 2079 
1 3 10747 5026 10792 
1 4 10747 10790 12872 10494 
1 3 10747 2023 4969 
1 5 10747 7993 5000 4942 8113 
1 4 8024 8080 10736 10879 
1 2 8024 4942 
1 5 4942 10855 1997 12772 1944 
1 3 1937 8056 1944 
1 4 10864 12703 12845 12772 
1 2 10912 8080 
1 6 10879 12716 4982 12828 10906 12885 
1 3 1440 13412 13401 
1 2 1440 4155 
1 4 10747 2079 10846 12798 
1 4 12798 10888 8149 13289 
1 9 12798 10888 11020 5120 10942 8199 5190 12983 12997 
1 8 12997 2225 5202 2210 13286 10952 8157 12930 
1 11 12364 10515 1449 2172 5213 10986 10965 10944 2224 2174 12930 
1 10 650 8229 2215 11021 5219 7550 10375 10390 10402 12364 
1 11 10953 13307 12349 10981 12321 12494 1596 12409 12394 10402 12364 
1 21 5215 8218 8198 10961 2161 5118 5169 12920 8251 8229 650 5191 8194 5228 11000 5171 12994 13301 8217 13303 5131 
1 4 12997 12983 2212 2226 
1 3 12997 2162 5166 
1 3 12930 5179 2160 
1 5 2152 2209 10973 8203 2160 
1 3 2106 12922 2152 
1 2 2106 5213 
1 7 2152 12901 4587 2109 11008 10947 10513 
1 6 8140 12977 7636 12438 10360 10513 
1 6 8140 12923 7476 8148 12334 10980 
1 6 8140 12923 10931 12909 8196 10999 
1 6 8140 2190 5194 10392 8184 10946 
1 8 8140 12987 5148 2111 2142 12973 8240 8157 
1 10 8140 2190 5194 10392 8184 4617 1524 5182 10967 5168 
1 9 8140 2190 5194 8177 5218 8227 2164 8179 5107 
1 10 8140 2190 5194 8177 8184 8242 10345 7561 10989 10933 
1 8 8140 2190 5174 8129 5204 12947 2150 12933 
1 6 10999 4570 12938 7476 12923 8140 
1 6 10999 8196 11002 10419 8197 10946 
1 10 8140 5208 13281 2168 12999 10874 2035 4980 13276 12885 
1 7 1843 13513 9834 10489 866 12439 1572 
1 5 9814 11757 7517 1562 12461 
1 4 9814 13536 10483 10387 
1 6 9713 13544 6699 3678 13542 9671 
1 10 9713 13544 6699 6694 6861 3784 11876 9855 13536 9814 
1 5 9713 9697 768 781 610 
1 8 9713 766 3588 6665 3471 10151 4274 4328 
1 4 4607 4521 12425 4799 
1 3 9713 710 4607 
1 9 853 1793 12765 850 1740 13543 10662 13553 4865 
1 8 4607 10422 10159 4331 4347 4274 4328 3513 
1 5 12782 2042 4884 12410 10337 
1 3 5022 7981 3960 
1 3 5022 1927 12782 
1 4 5022 12341 13524 10337 
1 6 5022 6798 8064 4955 10894 10740 
1 5 5022 7981 1915 12848 12893 
1 7 5022 10861 805 12486 1528 1643 1453 
1 5 10337 1500 1528 1643 1453 
1 8 5022 10861 10778 6968 5001 7485 12458 12489 
1 3 7480 4756 492 
1 6 4464 1615 12429 8110 11717 10753 
1 4 10407 12325 12498 10492 
1 4 10407 1556 1572 12439 
1 8 10407 1556 1584 866 10489 9834 13513 1843 
1 5 1843 13513 9834 12752 7388 
1 6 3957 873 11873 10343 7646 7588 
1 6 3957 873 3823 10343 13574 10412 
1 13 3957 6929 6823 9923 801 3829 827 6855 11760 11791 9810 7551 1595 
1 10 3957 873 11873 6958 3941 3975 10441 971 11890 1445 
1 2 3957 11892 
1 4 11892 13576 3824 6845 
1 3 9786 13577 6845 
1 8 6845 6869 11785 6885 11817 9836 9664 11654 
1 3 6845 11782 6882 
1 7 3878 13584 9847 9850 9832 3906 6732 
1 11 3878 13584 9847 9850 9832 3906 6732 13589 3712 3732 7462 
1 3 4445 3715 3712 
1 11 6732 715 718 3806 9673 11660 6717 3702 3733 734 11654 
1 10 11785 9820 891 706 9774 6911 9850 9832 3906 6732 
1 5 12489 4597 10370 1564 7834 
1 38 3957 873 11873 6958 3941 3975 7528 9760 9775 4601 4527 1595 12437 1604 7626 10457 1523 12361 10717 7834 1352 1753 10532 4871 11772 7780 3869 10535 13552 4742 13543 12573 10591 12399 13547 4607 710 9713 
1 16 12620 3750 4839 10587 7760 1851 4741 1736 6742 3781 12124 12673 10327 12214 7315 7386 
1 21 4865 13553 7888 12633 12561 10640 4723 4760 4830 10606 3708 10676 10333 10516 7449 4590 1527 10339 7611 12368 9450 
1 17 1836 7862 12620 10569 12516 3855 10606 1753 7892 4740 7904 5103 8025 2082 13535 10861 5022 
1 17 5022 6798 8064 1998 12720 8070 3883 1972 6897 12765 11814 4799 12425 4521 4607 710 9713 
1 16 5022 10861 10778 6968 5001 7485 12778 4597 12463 1621 1523 10457 12497 7611 12368 9450 
1 4 6710 13588 6769 9684 
1 11 13091 4848 10707 13203 13202 1799 10548 4870 10273 1393 1408 
1 9 12503 1785 7683 10715 7807 7893 4419 7435 4345 
1 9 10718 1782 4784 11902 7875 1764 10700 7435 4345 
1 5 10312 10284 12229 10213 9292 
1 5 7708 1797 10537 7825 7274 
1 3 7350 10235 7708 
1 6 10627 10646 4711 1816 10580 12631 
1 4 4801 12605 7717 1762 
1 8 4801 12605 1859 10623 12649 1689 1877 10627 
1 12 9843 13935 6904 10397 1489 11752 12448 1796 10575 7749 7752 4801 
1 11 12189 12192 12263 4290 10571 7868 1742 1755 1820 1322 12446 
1 6 12189 12192 12263 4290 3664 12559 
1 14 12189 12192 12263 4290 3664 4844 10577 7871 1772 10598 4810 12518 12551 12683 
1 25 12683 12551 12518 10572 1805 7772 7746 1748 4821 4675 4762 1761 12506 12575 10524 10596 12647 7769 10664 10549 1813 7713 12628 12563 10580 
1 4 10641 4798 1878 7772 
1 14 12189 12192 675 4701 7616 4829 7754 4847 12591 10667 4752 7746 4798 10641 
1 7 7851 10678 1730 12591 1772 7871 10577 
1 4 4159 9990 12066 12098 
1 3 9620 9622 6666 
1 4 6666 6639 9590 6613 
1 5 9642 3666 698 678 11640 
1 4 11516 5291 3546 13011 
1 2 9559 5291 
1 3 516 13068 11519 
1 5 516 14111 3576 6446 575 
1 3 516 14113 6598 
1 7 516 14113 11419 3262 14116 14118 391 
1 5 516 3516 9444 9418 9559 
1 5 516 3516 9444 9418 6583 
1 5 516 3516 13081 9472 13011 
1 9 516 14110 9536 13081 3447 3402 9561 14103 11506 
1 7 516 14113 11419 3262 14116 14118 391 
1 19 516 13068 11519 6537 14107 14108 11494 6444 6488 3397 11445 9524 6513 11402 9375 3522 9456 3499 13845 
1 10 516 3516 9444 9418 9559 11516 521 678 6683 9620 
1 22 516 13068 11519 6537 14107 14106 11470 3423 11560 589 6594 9557 11529 561 3299 3541 532 732 11651 704 14125 11666 
1 29 516 3516 9444 9418 9559 11516 521 698 3666 3646 6668 6639 11573 778 9745 764 3764 6975 3959 11891 3772 6788 6973 6946 910 9750 6862 11751 9904 
1 23 516 13068 11519 6537 14107 14106 11470 3423 11560 6488 6594 9557 9572 9416 586 3571 11497 532 5283 6592 9421 14090 11542 
1 24 516 13068 11519 6537 14107 14106 11470 3423 11560 589 6594 9557 11529 561 3299 3541 532 732 11651 704 14125 14127 6739 9692 
1 30 516 13068 11519 6537 14107 14106 11470 3423 11560 3558 3530 9517 11499 6540 3299 3541 532 732 11651 14120 6690 11630 6672 9611 11594 3627 6647 11577 11580 11586 
1 39 516 13068 11519 6537 14107 14106 11470 3423 11560 589 6594 9557 11529 561 3299 3541 532 732 11651 704 14123 3700 3716 11679 6561 9537 6573 3565 9706 746 11676 9672 9670 9668 690 11619 3663 14069 9617 
1 62 516 3516 9444 9418 9559 11516 1346 6529 678 698 3666 3646 6668 6639 11573 778 9745 764 3764 6975 3959 11891 3772 6788 6973 1616 11889 782 6793 9582 13816 13817 628 6626 599 11735 11564 13252 591 6611 9586 6983 9922 6942 9894 11845 9821 9809 6913 9849 867 3865 3833 3526 10163 3844 3973 3864 976 1109 13789 4109 
1 23 516 13068 9574 6500 11456 9363 9403 9309 11318 11360 241 3326 6349 6325 9320 11331 6389 317 11251 3325 3260 6393 6287 
1 34 516 13068 9574 6500 11456 9363 9403 9309 11318 11360 241 3326 6349 6325 9320 11331 6389 317 11251 3325 3260 6393 6287 6345 9300 9410 242 6148 13264 11390 11380 11082 161 6050 
1 35 516 13068 9574 6496 11456 9363 6286 9335 11318 11360 241 3326 6349 6325 9320 11331 6389 317 11251 3325 3260 6393 6287 6345 9362 6412 3307 383 6310 171 69 147 3007 11184 6115 
1 34 516 13068 11519 6537 14107 14106 11470 3423 11560 6488 6594 11417 6421 3474 11404 586 3571 11497 532 5283 9541 11525 14092 3553 421 3414 3583 9567 13205 3586 11532 3482 9400 3544 
1 27 516 13068 11519 6537 14107 14106 11470 3423 11560 589 6594 9557 11529 561 3299 3541 532 732 11651 704 14123 3700 3716 11679 11663 14078 9660 
1 47 516 13068 11519 6537 14107 14108 11494 6444 6488 3397 11445 13116 6421 3474 11404 586 3571 11497 532 5283 9541 11525 14092 3553 421 3414 3583 14088 14087 11554 581 3550 3581 6604 466 6522 13841 11399 6484 9544 290 11301 11357 400 6281 3272 6296 
1 46 516 13068 11519 6537 14107 14108 11494 6444 6488 3397 11445 9524 6513 11402 9375 6218 6298 9320 11305 321 9388 3340 349 6282 6334 9334 9361 11372 11343 9263 362 13846 3380 6402 11245 9398 266 9327 3254 11312 6407 6360 6229 530 265 9340 
1 49 516 13068 9574 6500 11456 9363 9403 9309 11318 11360 241 3326 6349 6325 9320 11305 321 9388 3340 349 6282 6334 9334 9361 11372 11343 9263 362 13846 3380 6402 11245 9398 266 9327 3254 11312 6407 6360 6229 530 265 9340 9240 9501 308 6381 496 3152 
1 64 516 13068 9574 6500 11456 9363 9403 9309 11318 11360 241 3326 6349 6325 9320 11305 321 9388 3340 349 6282 6334 9334 9361 11372 11343 9263 362 13846 3380 6402 11245 9398 266 9327 3254 11312 6407 6360 6229 530 265 9340 9240 9501 308 6381 9079 11057 4640 104 11186 9097 6174 3151 3060 9100 9206 6186 3061 3161 204 6009 11105 
1 63 516 13068 11519 6537 14107 14106 11470 3423 11560 6488 6594 11417 6421 3474 11404 586 3571 11497 532 5283 9541 11525 14092 14091 11511 6576 3484 14087 11554 581 3550 3581 6604 3434 13839 9494 6580 9452 11466 9544 290 11247 347 318 3309 11341 3759 360 386 6292 3378 6233 9247 11230 236 6305 352 9318 11369 274 3327 3391 6380 
1 54 516 3516 9444 9418 9559 11516 1346 6529 678 698 3666 3646 6668 6639 11573 778 9745 764 3764 6975 3959 11891 3772 6788 6973 1616 11889 782 6793 9582 13816 13817 628 6626 599 11735 11564 13252 3601 6611 9586 6983 9922 6942 9894 11845 9821 9809 6913 9849 867 833 9875 9914 
1 26 516 13068 11519 6537 14107 14106 11470 3423 11560 3558 3530 9517 11499 6540 3705 11653 3688 707 688 6691 6687 653 9646 665 9611 11581 
1 22 516 3516 9444 11407 14106 11470 3423 11560 3558 3530 9517 11499 708 6693 11620 9652 707 3675 3674 11612 9596 9627 
1 30 516 3516 9444 11407 14106 11470 3423 11560 3558 3530 9517 11499 708 6693 11620 9652 707 688 6691 6687 653 9646 6672 9611 11594 9595 9591 6799 11741 11899 
1 34 9809 11858 953 13885 6942 6957 3974 984 11901 591 13252 9627 3631 6673 671 11618 9633 6678 6680 11623 663 9638 6683 698 11642 11516 5291 3560 9472 3447 11606 9536 14110 516 
1 35 6940 6913 11858 953 13885 6942 6957 3974 984 11901 591 13252 9627 3631 6673 671 11618 9633 6678 6680 11623 663 9638 6683 698 11642 11516 5291 3560 9472 3447 11606 9536 14110 516 
1 37 3882 9874 6940 6913 11858 953 13885 6942 6957 3974 984 11901 591 13252 9627 3631 6673 671 11618 9633 6678 6680 11623 663 9638 6683 698 11642 11516 5291 3560 9472 3447 11606 9536 14110 516 
1 50 525 3543 441 6593 3470 11543 6557 9454 9558 422 11441 6546 3392 3281 318 13206 6281 11312 3384 395 6332 6402 3380 3324 279 11260 9277 6309 6390 6282 3312 11444 375 11359 3522 11468 3561 3500 11445 3397 3524 9486 529 3547 14108 9522 11562 11519 13068 516 
1 39 11370 277 6340 3320 327 6281 11312 3384 395 6332 6402 3380 3324 279 11260 9277 6309 6390 6282 3312 11444 375 11359 3522 11468 3561 3500 11445 3397 3524 9486 529 3547 14108 9522 11562 11519 13068 516 
1 3 1015 4115 11976 
1 2 6826 4943 
1 2 7990 2062 
1 4 2086 10794 5086 1377 
1 7 2086 4915 10807 7080 10816 11995 4950 
1 5 2086 2054 4971 1199 4106 
1 6 2086 2054 4971 12829 12092 9975 
1 11 2086 4915 10807 2036 5096 4953 12799 4883 7619 10511 12114 
1 12 2086 10794 5086 1377 12777 12786 10751 4516 4544 7593 4204 4245 
1 20 2086 10794 5086 1377 12777 12786 10751 4516 4544 7593 7565 1656 12338 10349 1497 12395 10514 7634 9993 11929 
1 18 2086 4915 10807 7080 10816 2105 10872 7430 10311 12226 10324 5104 1317 10296 12779 7310 12180 10278 
1 16 2086 4915 7905 2092 4106 12080 10872 7430 10311 5063 12142 7411 10799 4278 7395 7244 
1 15 2086 2054 4971 1199 12743 8076 11993 7177 7060 1405 4353 12182 7232 4395 1273 
1 11 1349 7013 4187 7150 11993 12080 4106 2092 7905 2054 2086 
1 8 2086 2032 12708 1129 12884 7273 5042 4973 
1 12 10772 12822 10887 4979 8022 13694 1910 2041 13700 7273 5042 4973 
1 4 10772 2002 12868 2086 
1 10 2086 2054 1908 4984 12886 4064 1061 7020 4003 3456 
1 10 2086 12868 12041 12876 12718 10866 1971 10735 8098 5105 
1 4 10173 8106 9084 10066 
1 6 10772 10843 10898 7903 10813 5105 
1 6 10173 4998 1978 7975 8044 5105 
1 7 12763 12717 4998 1978 7975 8044 5105 
1 5 3456 1179 8066 8098 5105 
1 14 1330 10154 10283 10344 1333 1014 4147 7122 11966 3999 10090 7634 9993 11929 
1 13 1330 10154 10283 10344 1650 12449 12404 10386 12335 10486 4588 4087 1553 
1 3 1553 12395 12366 
1 7 7455 1116 1996 4318 4996 12898 7965 
1 3 4425 1082 4588 
1 6 1330 12127 4293 12238 7312 7492 
1 4 7353 12345 10384 1464 
1 6 1403 12125 7295 4348 7587 1427 
1 8 7408 10250 12195 12388 12373 12360 7516 1464 
1 13 7408 7225 10293 12264 7601 12417 12447 7645 10204 7229 12288 10261 4401 
1 14 7408 12224 12264 12431 12402 1535 4511 7516 12332 4339 9961 10129 13647 4075 
1 9 1464 7356 4613 12433 12392 1522 10346 8023 1319 
1 14 1464 12332 4339 9961 10129 13647 13648 1157 7093 13650 9948 12065 1469 7137 
1 8 4075 12048 1073 12008 1114 4501 7446 1319 
1 7 9660 14076 14075 684 11646 11644 3696 
1 5 11644 11659 6735 9706 3548 
1 5 11646 699 3713 6751 6573 
1 5 11610 3680 14072 6703 9660 
1 2 11610 3627 
1 4 3680 11625 6700 11646 
1 4 14081 716 6716 3713 
1 3 11659 730 3713 
1 9 949 13803 3971 3952 3796 9610 6658 13766 9617 
1 5 949 13803 3971 6982 6923 
1 8 949 13803 3971 6982 6952 6814 6967 9919 
1 9 949 13803 3971 3952 3819 6842 9769 14066 9783 
1 6 949 13801 13779 6857 3526 11818 
1 6 949 14062 935 13779 907 3882 
1 39 949 14062 965 9771 9756 9602 6634 614 11787 3617 619 9608 3627 11594 9611 596 9596 3631 6673 671 11618 9633 6678 6680 11623 663 9638 6683 698 11642 11516 5291 3560 9472 3447 11606 9536 14110 516 
1 7 6900 13235 13794 9837 936 10163 11818 
1 29 9904 11751 9794 6926 967 9924 782 6793 9582 3604 11598 9630 11618 11634 3675 688 6708 3703 732 5283 6592 6418 14097 11432 573 514 6441 3499 13845 
1 13 3547 529 9547 9443 11533 564 6513 11402 9375 3522 9456 3499 13845 
1 4 6487 9560 11545 6441 
1 5 7859 1861 10581 10553 7798 
1 4 7859 4864 12406 7520 
1 9 7859 12435 1537 4478 4658 10500 10458 10445 7564 
1 12 7859 10682 4836 11019 12968 10977 2116 11006 5198 7610 1557 12382 
1 19 7859 10682 4836 11019 12968 12934 2221 12949 1557 8230 2187 12957 1514 7481 4462 10518 10316 4415 7669 
1 20 7859 10682 4836 5134 2114 8249 5211 5225 8186 8220 5183 5197 12948 2191 10969 8200 10949 10983 2157 1652 
1 15 1652 4630 7608 7579 1498 5170 10950 12993 2201 8209 8247 5207 12326 1431 7669 
1 11 7798 12576 2155 2146 2114 12934 10941 12949 1557 12382 7566 
1 21 9417 11434 13774 9476 523 570 6432 9489 534 9579 3291 356 3376 3250 6315 6333 6396 6290 9348 6414 6380 
1 17 525 489 3568 9506 3542 238 288 3306 6411 6252 11284 11235 11300 3263 6348 6414 6380 
1 15 11370 294 11322 3331 11220 11353 3247 6273 9399 3279 11384 366 3358 3259 6380 
1 16 3320 11391 9341 6220 9241 11220 11353 3247 6273 9399 3279 11384 366 3358 3259 6380 
1 18 9340 10323 7482 341 9275 11259 9386 323 6293 354 11272 6400 287 6303 366 3358 3259 6380 
1 19 3152 11426 11127 11443 4640 9120 3053 95 9319 320 6225 9242 6264 11349 11326 11250 344 3259 6380 
1 33 1599 1530 9632 685 6718 731 6753 3748 11727 3779 3417 3464 449 484 500 11476 3540 6591 11412 11475 3527 413 6341 6398 3199 3250 6315 6333 6396 6290 9348 6414 6380 
1 36 7661 7495 4458 7624 4463 3668 3682 6730 728 745 759 11566 3413 11416 9442 11447 6527 3505 9516 6566 3431 437 3504 6553 9448 6317 6369 9394 9273 3356 9330 9395 6290 9348 6414 6380 
1 35 12320 12380 1599 1530 9632 685 6718 731 6753 3748 11727 3779 3417 3464 449 484 500 11476 3540 6591 11412 11475 3527 413 6341 6398 3199 3250 6315 6333 6396 6290 9348 6414 6380 
1 39 12333 4599 7563 12383 4620 4523 3593 475 642 9453 3618 464 6498 11482 11472 545 11538 6479 11460 6539 578 11551 433 6492 3304 3332 3389 232 275 11258 314 11294 11248 11379 11268 9282 9348 6414 6380 
1 42 1591 10146 4773 12385 4492 1312 12121 10220 1272 12139 10164 7410 12227 10224 4261 1406 1378 4354 4283 4324 3265 11256 11377 339 9299 6302 3276 286 3317 324 6391 11262 9276 6284 330 3275 283 350 9235 3290 301 6380 
1 42 1459 10148 10366 7507 10420 7486 4581 4300 4374 10131 12108 10264 12235 7322 554 576 432 11473 9549 6574 3551 6601 9432 483 11308 11335 9409 6409 3221 3266 6329 275 11258 314 11294 11248 11379 11268 9282 9348 6414 6380 
1 32 9617 14069 674 11636 6706 6729 723 9716 3577 414 9423 9435 6480 11490 504 3543 489 3568 9506 3542 238 288 3306 6411 6252 11284 11235 11300 3263 6348 6414 6380 
1 38 949 13803 3971 793 3796 9610 9612 9614 6677 3076 6706 6729 723 9716 3577 414 9423 9435 6480 11490 504 3543 489 3568 9506 3542 238 288 3306 6411 6252 11284 11235 11300 3263 6348 6414 6380 
1 26 3544 12562 402 290 11247 347 318 3309 11341 3759 360 386 6292 3378 6233 9247 11230 236 6305 352 9318 11369 274 3327 3391 6380 
1 35 9660 14076 14075 716 3731 6751 11520 3730 9706 3548 6571 3743 11550 3562 462 3457 9533 11514 441 9568 3507 6319 6344 9371 9396 11230 236 6305 352 9318 11369 274 3327 3391 6380 
1 46 11542 9429 3462 494 445 421 3414 3583 9567 9551 14087 11554 581 3550 3581 6604 3434 13839 9494 6580 9452 11466 9544 290 11247 347 318 3309 11341 3759 360 386 6292 3378 6233 9247 11230 236 6305 352 9318 11369 274 3327 3391 6380 
1 40 9692 14083 541 3484 14087 11554 581 3550 3581 6604 3434 13839 9494 6580 9452 11466 9544 290 11247 347 318 3309 11341 3759 360 386 6292 3378 6233 9247 11230 236 6305 352 9318 11369 274 3327 3391 6380 
1 39 11586 3614 614 6634 630 11657 3645 11605 6709 3676 9668 711 3728 744 11534 3577 414 9423 9435 6480 11490 504 3543 489 3568 9506 3542 238 288 3306 6411 6252 11284 11235 11300 3263 6348 6414 6380 
1 40 9914 11762 9849 9874 9906 9602 630 11657 3645 11605 6709 3676 9668 711 3728 744 11534 3407 6455 476 9481 11490 504 3543 489 3568 9506 3542 238 288 3306 6411 6252 11284 11235 11300 3263 6348 6414 6380 
1 11 1965 13419 12810 13394 10889 2021 12867 4904 13398 13429 4965 
1 8 1965 7913 2011 4956 1952 10738 12721 12835 
1 7 12835 13514 2060 12811 2019 6798 5022 
1 9 12835 13512 10769 5061 6987 2042 4884 12410 10337 
1 18 3778 6630 3605 11567 9580 6797 3775 3763 749 11654 9664 9836 11817 6885 9804 3847 6929 3957 
1 12 3957 6929 11758 847 12405 3880 11648 6707 11654 749 3763 3775 
1 28 516 14110 9536 13081 3447 11549 6949 3506 9644 11611 6644 6648 6618 9751 6792 11565 9717 6762 9710 743 6756 13233 11852 13226 3859 6841 9767 3938 
1 38 516 14110 9536 13081 3447 11549 6949 3506 6518 3493 11631 669 11869 629 11582 9597 11565 9737 6777 9710 743 6756 13233 13220 11854 903 9872 4024 918 6907 874 9770 9839 9877 3926 844 11768 11805 
1 10 3938 896 11820 9917 9839 9877 3926 844 11768 11805 
1 12 3938 3794 9800 9846 918 920 3725 11843 729 11692 6955 758 
1 4 3945 3891 3799 6906 
1 6 758 3761 6764 9719 13218 11707 
1 22 11506 14100 9507 6533 3671 3659 655 6657 9597 11565 9717 6762 9710 743 6756 13233 11852 13226 3859 6841 9767 3938 
1 3 8128 12022 12082 
1 7 2056 8028 10758 10805 10780 3123 2081 
1 2 5101 7939 
1 5 2081 4897 4978 1473 5060 
1 4 1960 7919 3181 9152 
1 3 10923 14041 10850 
1 2 10923 12813 
1 2 8004 10892 
1 2 13951 7994 
1 4 8001 13949 12726 2089 
1 2 2089 5005 
1 6 7151 4574 1544 13684 13687 1631 
1 4 1065 13688 7107 1086 
1 6 1086 13686 13682 7176 13883 1015 
1 5 10099 13895 13900 10002 1015 
1 8 10099 13894 1112 13901 11922 9947 4073 12004 
1 4 9947 11922 13905 10002 
1 7 12307 7497 1510 8120 12854 12799 4950 
1 7 11929 4162 10035 7078 9935 1159 4245 
1 5 11929 4162 2843 12050 4245 
1 3 7662 4616 11929 
1 35 11105 6108 9194 11172 3025 9038 63 9156 195 11121 158 11081 11164 11125 9147 6125 6165 9108 6083 6161 9220 6132 3113 182 9088 130 205 9151 11040 11147 3045 11091 3182 9149 6050 
1 12 6050 11163 35 3106 6084 6164 9054 11114 9138 3007 11184 6115 
1 7 6115 9204 3094 6184 11101 137 53 
1 7 9296 11176 9096 6151 11029 14 6115 
1 8 122 3114 3188 6216 6136 6114 6118 3022 
1 20 6115 11078 3021 6042 11113 111 3183 11118 6038 9132 6173 6187 3126 6111 173 6214 9126 3132 3034 192 
1 6 3117 32 9094 11172 9129 11105 
1 7 3122 6013 3009 3025 11172 9129 11105 
1 4 197 9123 3121 6181 
1 4 9140 6117 11183 3134 
1 10 9206 11162 3050 6150 3187 6052 11046 6153 9231 11092 
1 9 11215 363 6148 13264 11390 11380 11082 161 6050 
1 12 9116 6092 9064 11104 9128 128 6107 3082 3058 6130 3145 192 
1 2 9140 9116 
1 7 158 11081 30 9223 6179 3156 197 
1 10 9108 6165 6125 9147 11125 124 6087 9112 3156 197 
1 10 197 11030 3107 11167 6076 11115 61 6170 6208 6130 
1 7 6146 7 6098 11054 6096 170 94 
1 9 94 9045 9055 11038 3092 9248 3168 312 3338 
1 8 3092 11137 3031 11071 6075 3157 9199 9131 
1 19 6380 6283 11236 6346 11039 6101 6167 9188 6143 11213 9131 9199 75 72 9130 3130 11171 312 3338 
1 17 3151 149 11068 9197 70 11059 9190 9082 60 166 11036 11071 9187 3130 11171 312 3338 
1 21 3151 9150 9105 3050 6150 3187 3133 11046 11156 2998 11146 11054 11096 36 176 9162 3121 6181 9201 11117 3134 
1 16 3151 149 11068 3072 6035 6086 9111 187 3101 3176 6022 3323 9256 11236 3259 6380 
1 17 6380 301 11362 6316 9311 3370 3268 6392 6295 9389 9368 11275 3383 3282 9259 3315 6338 
1 32 9292 1233 10329 10142 12117 1278 273 9349 3348 11389 3328 355 11496 9514 11339 9354 9307 6357 6312 6374 3352 11277 11344 9298 6410 6362 3202 214 6316 11362 301 6380 
1 27 705 6724 3722 568 737 3573 9419 6423 9433 6507 11504 9413 11462 3520 11526 3580 11244 11310 11368 11242 9366 11347 6396 6290 9348 6414 6380 
1 5 3734 3752 765 11559 9417 
1 11 3734 6768 6781 775 3417 3443 11400 9442 11447 498 3529 
1 3 9461 13774 11450 
1 10 525 3494 11454 488 3468 6478 9433 11437 11405 11422 
1 5 11683 574 11561 6423 11437 
1 4 3452 3468 6495 11504 
1 6 3757 11409 9451 9465 504 525 
1 9 418 11397 3455 9413 6605 9437 582 11557 525 
1 14 9461 6505 3479 502 11461 3508 6578 3557 9413 6605 9437 582 11557 525 
1 13 6474 3466 486 11452 9479 511 11504 6495 9491 11530 9543 11557 525 
1 12 9571 3767 6596 588 9419 11561 6451 3452 458 11454 3494 525 
1 9 6593 9493 13776 9554 215 304 360 11216 11370 
1 7 11282 3391 6414 301 9378 6283 3259 
1 2 11282 3259 
